student_0 Good 1 3 7 9 13 15 17 18 21 23 25 27 28 29 30 36 38 40 41 43 45 46 48 49 58 59 61 62 63 65 66 68 72 74 79 84 88 93 94 100 103 105 106 110 117 119 120 121 126 127 134 136 137 138 140 141 142 143 146 147 151 152 156 161 165 166
student_1 Excellent 13 15 22 25 29 32 34 36 37 41 42 44 51 54 63 65 67 68 75 76 77 78 79 83 84 87 88 90 91 94 97 98 120 124 133 137 139 143 145 148 149 150 152 154 156 157 159 162
student_2 No_Say 0 10 12 17 20 22 24 29 41 42 44 45 48 51 52 53 55 61 65 68 78 84 91 100 101 103 109 115 117 118 128 130 139 156 161 162 165 167
student_3 Poor 6 8 10 12 16 30 32 34 36 38 44 53 54 58 60 61 70 73 76 78 90 94 105 106 113 121 122 123 127 130 131 134 139 142 147 152 153 157 158 163 167
student_4 No_Say 2 12 13 19 20 23 34 35 36 43 50 52 55 57 61 73 74 95 103 129 130 131 134 137 139 141 147 152 153 154 156 158 160 163
student_5 OK 1 2 3 11 12 17 18 19 23 25 26 27 31 32 34 35 37 46 48 50 55 59 62 64 65 67 68 69 70 72 74 75 76 77 79 80 83 84 86 88 89 94 95 100 101 102 105 112 119 120 121 127 129 131 132 139 140 141 144 145 147 149 150 151 152 160 161 167
student_6 Excellent 0 1 21 23 27 28 29 36 40 49 51 63 71 94 101 109 112 117 119 122 125 127 128 129 141 150 158 161 162
student_7 Good 0 3 4 5 6 8 10 12 14 20 25 27 29 30 38 41 43 45 48 49 50 52 56 60 61 64 66 68 69 70 72 73 74 75 81 82 85 86 88 89 91 92 93 95 96 97 101 104 113 116 117 118 120 122 123 128 129 130 132 133 134 135 136 139 143 148 152 153 158 161 164 165 166
student_8 Excellent 2 3 4 5 6 10 11 12 13 14 16 20 21 23 24 26 27 29 35 36 38 40 41 42 43 45 47 50 52 56 61 64 65 66 69 71 73 75 77 78 80 81 83 85 89 90 91 94 95 99 101 103 104 106 107 109 110 112 115 116 117 120 124 129 130 132 135 144 146 149 152 153 154 156 161 162 163 164 166
student_9 Good 0 3 6 8 9 11 13 14 15 20 21 23 24 27 29 31 32 35 36 37 40 42 43 45 49 50 51 52 56 58 61 64 65 66 67 68 71 74 78 81 84 89 92 93 94 95 102 103 104 106 107 111 112 116 121 122 126 130 134 135 139 142 143 144 147 149 151 152 155 157 162 165 166
student_10 OK 21 23 30 38 43 48 52 60 62 74 75 85 88 99 100 101 102 105 106 107 112 118 124 125 127 130 135 144 145 146 155 156 162 163
student_11 Good 0 8 10 12 15 28 29 35 38 41 43 46 51 60 73 76 77 80 83 84 92 97 99 100 102 105 108 113 114 116 117 130 133 140 149 151 155 160 161
student_12 Poor 0 4 5 8 10 15 16 18 19 22 24 25 27 31 33 35 36 37 38 41 43 51 55 56 57 59 61 65 68 74 75 77 79 81 82 83 87 89 91 95 96 100 101 102 104 106 109 111 113 114 116 118 119 121 122 123 124 126 128 129 133 135 143 144 146 147 149 150 155 156 158 159 161 162 163 164 165
student_13 Poor 3 5 7 14 19 21 25 28 31 35 41 42 44 45 48 51 54 55 56 58 61 63 64 69 72 75 79 80 84 85 86 94 97 98 100 101 103 105 107 108 112 115 116 117 118 119 120 121 124 126 127 129 130 131 132 136 139 144 148 150 152 156 158 159 161 165 166
student_14 No_Say 1 3 6 7 8 10 11 13 17 18 19 22 23 25 27 31 32 33 34 35 38 43 44 45 49 51 53 55 57 58 59 60 62 68 70 74 75 78 79 80 81 83 84 85 88 89 90 91 93 97 98 102 104 105 106 107 111 112 114 115 116 117 119 120 121 122 123 127 129 134 139 140 141 143 144 146 147 149 154 156 157 160 161 162 165 166 167
student_15 OK 5 17 19 25 26 27 30 31 34 35 36 37 38 40 42 44 45 50 52 57 59 63 68 69 74 77 80 83 84 86 87 92 94 97 99 101 104 105 108 110 113 121 123 128 130 132 133 141 142 145 146 151 152 153 156 157 162 164
student_16 No_Say 0 3 4 6 8 13 19 21 22 23 31 33 35 37 38 39 41 44 45 48 49 51 52 54 58 60 61 62 63 65 68 71 72 74 79 81 82 84 85 86 89 94 102 103 105 106 112 115 121 123 124 125 133 134 139 141 143 150 151 153 156 157 159 160 161 163 164 166
student_17 OK 9 18 23 27 28 39 46 61 65 80 83 86 91 97 102 112 119 124 138 143 148 149 154 158
student_18 OK 2 4 5 20 21 25 26 27 30 33 39 44 45 47 50 54 61 64 66 68 69 71 72 73 74 77 79 81 82 83 84 89 90 92 95 96 97 100 101 102 104 106 107 112 113 114 115 119 122 124 125 126 136 137 138 141 149 153 154 158 159 161 164
student_19 Good 1 2 3 7 10 14 26 31 35 39 42 53 57 62 64 66 72 77 80 83 85 100 107 121 123 124 143 150 155 156 161 167
student_20 Excellent 4 14 19 25 31 36 37 38 41 45 47 49 56 69 70 72 77 83 84 86 87 88 89 94 101 102 106 112 119 120 124 127 132 133 135 136 138 139 153 156 165
student_21 No_Say 6 7 13 14 18 21 23 28 30 34 39 46 47 50 53 55 56 57 62 63 64 65 73 74 84 86 88 89 90 94 96 98 100 101 105 106 108 112 116 119 121 122 124 127 128 133 134 136 139 142 148 154 155 158 160 164 165 167
student_22 No_Say 0 1 2 4 10 11 12 13 14 18 19 20 21 22 24 26 30 31 32 34 35 37 40 47 48 49 54 55 56 57 58 60 65 67 68 69 70 71 76 77 80 82 86 87 91 92 93 96 97 99 100 102 106 107 109 111 114 118 120 123 124 127 134 137 138 139 142 145 146 149 155 158 163
student_23 Good 0 1 3 8 9 10 14 16 20 21 22 28 31 32 34 37 43 44 45 46 47 52 56 58 59 60 62 67 68 74 75 77 79 81 85 86 88 90 100 102 103 104 110 111 113 118 119 120 122 126 131 133 136 140 141 145 148 150 153 155 162 165 166 167
student_24 No_Say 0 5 9 17 20 21 23 28 30 45 48 49 57 60 62 63 64 65 71 77 78 81 89 90 91 94 95 96 101 103 106 107 108 110 114 117 121 126 128 134 139 140 143 145 147 149 155 156 159
student_25 Good 0 1 3 7 8 9 12 14 15 17 19 21 22 24 25 26 27 28 29 32 34 35 36 37 38 39 40 41 44 45 46 48 49 50 53 54 55 57 59 63 65 68 69 70 72 73 77 78 81 85 86 88 89 94 97 98 99 102 104 105 106 108 109 112 115 116 117 121 122 123 126 128 131 138 141 144 146 148 152 159 160 165
student_26 Excellent 3 8 9 10 12 14 28 29 30 31 34 37 38 39 44 46 47 49 57 59 61 62 64 66 67 68 73 80 83 91 93 95 96 97 99 100 104 106 108 112 120 123 124 125 131 137 139 140 143 145 147 148 149 150 151 152 154 160 161 162 163 165
student_27 Excellent 0 4 5 7 13 19 21 31 32 33 38 41 42 51 52 55 62 64 71 77 78 79 80 81 84 88 89 91 92 94 95 100 103 110 111 112 113 116 118 123 126 128 134 136 141 144 145 148 149 150 152 157 162 164 166 167
student_28 No_Say 0 3 4 7 10 14 16 18 19 24 25 33 34 35 38 39 40 63 73 75 78 79 85 87 93 103 105 108 110 111 117 120 122 123 127 135 140 145 147 148 149 150 151 154 157 158
student_29 Poor 0 1 5 8 10 11 14 15 17 24 27 28 29 31 33 34 35 37 42 43 46 48 52 55 56 59 60 61 64 65 66 67 68 70 71 72 73 75 78 80 82 84 86 88 89 91 93 95 99 102 105 106 107 109 111 113 114 115 119 121 129 130 131 133 135 136 145 148 153 155 158 159 162 163 166 167
student_30 Good 0 1 7 9 10 11 13 14 15 16 18 19 21 22 23 25 29 33 34 35 37 39 42 46 52 54 55 58 61 62 63 65 66 68 71 72 73 74 76 77 78 80 82 86 87 90 91 92 93 94 97 98 102 108 110 111 112 115 117 118 119 121 122 125 130 131 133 136 137 139 142 143 144 146 147 148 151 155 157 160 161 163 166 167
